6 8
1 2 3
1 3 2
2 4 1
3 4 1
3 5 4
4 5 4
4 6 9
5 6 9









7
4
2 5
3 1
1 8
1 4
-> 1

11
4
2 5
3 1
1 8
1 4
-> 2

15
4
2 5
3 1
1 8
1 4
-> 3

19
4
2 5
3 1
1 8
1 4
-> 4

22
4
2 5
3 1
1 8
1 4
-> 5


23
4
2 5
3 1
1 8
1 4
-> 6

24
4
2 5
3 1
1 8
1 4
-> 7

25
4
2 5
3 1
1 8
1 4
-> 8

74
5
4 8
9 2
9 8
3 1
1 1
-> 4

28
3
7 1
7 2
7 1
-> 2

------------------ este no es válido
1000000000000
1
10000 10000
-> 10000
------------------

100000000
1
10000 10000
-> 10000

99990000
1
10000 10000
-> 9999

50000000
1
10000 10000
-> 5000

55
20
2 5
3 1
1 8
1 4
2 5
3 1
1 8
1 4
2 5
3 1
1 8
1 4
2 5
3 1
1 8
1 4
2 5
3 1
1 8
1 4
-> 2

1
2
1 1
0 0
-> 1
------------------ tampoco son válido
0
2
0 0
0 0
-> 0

1
2
1 10
0 0
-> 1
------------------
2
2
1 10
1 5
-> 1
--------- estos son de alberto
66
4
4 12
3 10
5 9
2 3

--> 5

125
4
4 12
3 10
5 9
2 3

--> 11

82
3
8 2
1 10
10 7

--> 6

93
3
8 2
1 10
10 7

--> 7

96
3
8 2
1 10
10 7

--> 10

0
3
8 2
1 10
10 7

-> 0

70
8
2 1
3 2
4 3
5 4
5 4
4 3
3 2
2 1

-> 3

80
8
2 1
3 2
4 3
5 4
5 4
4 3
3 2
2 1

-> 4